# Single Point Spectroscopy       
# 
# Sample                          Polesi_dopada
# Data set                        24/01/2024
# Creation Comment                
# Ramp start value                -3.000e+000 V
# Ramp end value                  3.000e+000 V
# Raster time                     1.000e-001 seconds
# Varied-Z spectroscopy           No
# Automatic ramp reversal         Yes
# Channel name and data unit      I(V) [A]
# Sample position                 -9.180e+001, -8.711e+001 [nm]
# Averaged curves                 1-10
# 
# 
# Ramp value [V]                             I(V)
# --------------             --------------------
   -3.00000e+000             -1.729584237944e-009
   -2.96985e+000             -1.588714493177e-009
   -2.93970e+000             -1.543431604039e-009
   -2.90955e+000             -1.553928762738e-009
   -2.87940e+000             -1.556690058893e-009
   -2.84925e+000             -1.564997246902e-009
   -2.81910e+000             -1.459198014428e-009
   -2.78894e+000             -1.442114711404e-009
   -2.75879e+000             -1.364147231495e-009
   -2.72864e+000             -1.387633774215e-009
   -2.69849e+000             -1.361164405811e-009
   -2.66834e+000             -1.577116325004e-009
   -2.63819e+000             -1.496941328086e-009
   -2.60804e+000             -1.549332607956e-009
   -2.57789e+000             -1.412156822662e-009
   -2.54774e+000             -1.397667600998e-009
   -2.51759e+000             -1.302010394742e-009
   -2.48744e+000             -1.404675201804e-009
   -2.45729e+000             -1.407597424167e-009
   -2.42714e+000             -1.344489550985e-009
   -2.39699e+000             -1.038974006619e-009
   -2.36683e+000             -7.933132467599e-010
   -2.33668e+000             -8.050942395733e-010
   -2.30653e+000             -8.141561455949e-010
   -2.27638e+000             -8.203995499117e-010
   -2.24623e+000             -8.165962768384e-010
   -2.21608e+000             -7.027151854434e-010
   -2.18593e+000             -6.065382399239e-010
   -2.15578e+000             -6.789542483951e-010
   -2.12563e+000             -7.753297783995e-010
   -2.09548e+000             -7.393945499033e-010
   -2.06533e+000             -6.605658524310e-010
   -2.03518e+000             -5.967465919815e-010
   -2.00503e+000             -4.975010413166e-010
   -1.97487e+000             -4.570483625345e-010
   -1.94472e+000             -4.380280995040e-010
   -1.91457e+000             -4.361428178173e-010
   -1.88442e+000             -4.266297501961e-010
   -1.85427e+000             -4.174409286778e-010
   -1.82412e+000             -4.138357879439e-010
   -1.79397e+000             -4.147973333084e-010
   -1.76382e+000             -4.044840480125e-010
   -1.73367e+000             -4.003344771823e-010
   -1.70352e+000             -4.003662356110e-010
   -1.67337e+000             -3.966467246160e-010
   -1.64322e+000             -3.904417144439e-010
   -1.61307e+000             -3.814712126053e-010
   -1.58291e+000             -3.816763147418e-010
   -1.55276e+000             -3.800353098825e-010
   -1.52261e+000             -3.130635632234e-010
   -1.49246e+000             -3.125969342534e-010
   -1.46231e+000             -2.845844736127e-010
   -1.43216e+000             -1.579103047584e-010
   -1.40201e+000             -1.215200606013e-010
   -1.37186e+000             -9.580789140646e-011
   -1.34171e+000             -7.724227479734e-011
   -1.31156e+000             -8.068428939220e-011
   -1.28141e+000             -9.690037490468e-011
   -1.25126e+000             -7.734264144211e-011
   -1.22111e+000             -1.303341064076e-010
   -1.19096e+000             -1.132821521945e-010
   -1.16080e+000             -1.176541441022e-010
   -1.13065e+000             -2.141938903081e-010
   -1.10050e+000             -2.705833305826e-010
   -1.07035e+000             -2.478114840063e-010
   -1.04020e+000             -2.089526710289e-010
   -1.01005e+000             -1.999660284377e-010
   -9.79900e-001             -1.844712938226e-010
   -9.49749e-001             -1.881415353820e-010
   -9.19598e-001             -1.802681745248e-010
   -8.89448e-001             -1.833575574866e-010
   -8.59297e-001             -1.595918673059e-010
   -8.29146e-001             -1.903477378673e-010
   -7.98995e-001             -1.939633482662e-010
   -7.68845e-001             -1.527292262139e-010
   -7.38694e-001             -1.314163407099e-010
   -7.08543e-001             -1.503816810266e-010
   -6.78392e-001             -1.652536433798e-010
   -6.48242e-001             -1.638412993604e-010
   -6.18091e-001             -1.534505926178e-010
   -5.87940e-001             -1.133182945161e-010
   -5.57789e-001             -1.021332059240e-010
   -5.27639e-001             -1.064368959078e-010
   -4.97488e-001             -8.797258554648e-011
   -4.67337e-001             -7.628538016077e-011
   -4.37186e-001             -7.196214059992e-011
   -4.07036e-001             -6.393865451611e-011
   -3.76885e-001             -6.257121707302e-011
   -3.46734e-001             -5.408744004081e-011
   -3.16583e-001             -5.162343244047e-011
   -2.86433e-001             -4.160013734785e-011
   -2.56282e-001             -4.314635100099e-011
   -2.26131e-001             -4.433913957849e-011
   -1.95980e-001             -3.651526847237e-011
   -1.65830e-001             -2.822551240222e-011
   -1.35679e-001             -1.931801570580e-011
   -1.05528e-001             -1.681740657590e-011
   -7.53775e-002             -1.079693152060e-011
   -4.52267e-002             -6.735124372274e-012
   -1.50760e-002             -2.467721949357e-012
    1.50748e-002              1.674276478804e-012
    4.52255e-002              5.832764325914e-012
    7.53763e-002              1.259914109229e-011
    1.05527e-001              1.875828543328e-011
    1.35678e-001              2.274073496915e-011
    1.65828e-001              2.895943524945e-011
    1.95979e-001              3.083741858501e-011
    2.26130e-001              3.669663166134e-011
    2.56281e-001              4.172304417869e-011
    2.86431e-001              5.201252543031e-011
    3.16582e-001              5.818274250164e-011
    3.46733e-001              6.433185197445e-011
    3.76884e-001              7.273302331551e-011
    4.07034e-001              8.489188531500e-011
    4.37185e-001              8.794906645373e-011
    4.67336e-001              9.186404558364e-011
    4.97487e-001              1.029191735669e-010
    5.27637e-001              1.111535111752e-010
    5.57788e-001              1.228770207030e-010
    5.87939e-001              1.334992540750e-010
    6.18090e-001              1.361643577560e-010
    6.48240e-001              1.555635086435e-010
    6.78391e-001              1.629503146519e-010
    7.08542e-001              1.710409588618e-010
    7.38693e-001              1.805939683627e-010
    7.68843e-001              1.834331976794e-010
    7.98994e-001              1.867605843901e-010
    8.29145e-001              1.959461113101e-010
    8.59296e-001              2.032684444304e-010
    8.89446e-001              2.329812199149e-010
    9.19597e-001              2.126980189576e-010
    9.49748e-001              2.358898722309e-010
    9.79899e-001              2.429229516309e-010
    1.01005e+000              2.932623608079e-010
    1.04020e+000              3.511139947269e-010
    1.07035e+000              2.996554173258e-010
    1.10050e+000              3.294508324315e-010
    1.13065e+000              3.264141071568e-010
    1.16080e+000              3.970167428968e-010
    1.19095e+000              4.867214285835e-010
    1.22110e+000              4.346947020975e-010
    1.25126e+000              5.169684569738e-010
    1.28141e+000              5.619103494356e-010
    1.31156e+000              6.070655517427e-010
    1.34171e+000              6.304313442664e-010
    1.37186e+000              6.458530603653e-010
    1.40201e+000              6.221298480714e-010
    1.43216e+000              5.778989113041e-010
    1.46231e+000              7.177719661761e-010
    1.49246e+000              7.305590937375e-010
    1.52261e+000              7.423021258211e-010
    1.55276e+000              7.354297414142e-010
    1.58291e+000              7.644046592335e-010
    1.61306e+000              7.673097412115e-010
    1.64322e+000              8.003372018775e-010
    1.67337e+000              7.988609912597e-010
    1.70352e+000              8.249152987792e-010
    1.73367e+000              4.925795092232e-010
    1.76382e+000              5.184498762472e-010
    1.79397e+000              5.468933427744e-010
    1.82412e+000              5.822421836006e-010
    1.85427e+000              5.446343372091e-010
    1.88442e+000              6.436963519298e-010
    1.91457e+000              6.896780637545e-010
    1.94472e+000              6.816239562845e-010
    1.97487e+000              7.459203956650e-010
    2.00502e+000              8.105807152006e-010
    2.03517e+000              8.127234522612e-010
    2.06533e+000              9.063420003012e-010
    2.09548e+000              1.012468882943e-009
    2.12563e+000              1.085061347173e-009
    2.15578e+000              1.201011391919e-009
    2.18593e+000              1.267319426032e-009
    2.21608e+000              1.302592688537e-009
    2.24623e+000              1.367351757280e-009
    2.27638e+000              1.383305559825e-009
    2.30653e+000              1.404530680879e-009
    2.33668e+000              1.563437942828e-009
    2.36683e+000              1.709631785696e-009
    2.39698e+000              1.718317149490e-009
    2.42713e+000              1.737767527166e-009
    2.45729e+000              1.805416402429e-009
    2.48744e+000              1.886804221428e-009
    2.51759e+000              1.972964375074e-009
    2.54774e+000              2.037685457908e-009
    2.57789e+000              2.054351365625e-009
    2.60804e+000              2.158375556105e-009
    2.63819e+000              2.185446174488e-009
    2.66834e+000              2.208517160882e-009
    2.69849e+000              2.225037243438e-009
    2.72864e+000              2.224369256619e-009
    2.75879e+000              2.405148404924e-009
    2.78894e+000              2.539045821768e-009
    2.81909e+000              2.554722001864e-009
    2.84925e+000              2.607553662924e-009
    2.87940e+000              2.623663755228e-009
    2.90955e+000              2.646138945025e-009
    2.93970e+000              2.662685155147e-009
    2.96985e+000              2.729531503492e-009
    3.00000e+000              2.968031722042e-009
    3.00000e+000              2.970519354824e-009
    2.96985e+000              2.956742566734e-009
    2.93970e+000              3.027315342136e-009
    2.90955e+000              3.144367645630e-009
    2.87940e+000              3.154922407060e-009
    2.84925e+000              3.111830455697e-009
    2.81909e+000              3.059528472812e-009
    2.78894e+000              3.017340094535e-009
    2.75879e+000              3.010511063902e-009
    2.72864e+000              3.007098432321e-009
    2.69849e+000              2.902849851283e-009
    2.66834e+000              2.857986335071e-009
    2.63819e+000              2.786625677508e-009
    2.60804e+000              2.736436204563e-009
    2.57789e+000              2.614427107148e-009
    2.54774e+000              2.601077150927e-009
    2.51759e+000              2.517882536726e-009
    2.48744e+000              2.420024495543e-009
    2.45729e+000              2.328620689168e-009
    2.42713e+000              2.274657398629e-009
    2.39698e+000              2.203224659544e-009
    2.36683e+000              2.138160164854e-009
    2.33668e+000              1.930892708082e-009
    2.30653e+000              1.946537568691e-009
    2.27638e+000              1.863474793997e-009
    2.24623e+000              1.783528915592e-009
    2.21608e+000              1.655369682357e-009
    2.18593e+000              1.584715149978e-009
    2.15578e+000              1.513732836009e-009
    2.12563e+000              1.443122003000e-009
    2.09548e+000              1.394825088905e-009
    2.06533e+000              1.285556253895e-009
    2.03517e+000              1.203186657975e-009
    2.00502e+000              1.161904476149e-009
    1.97487e+000              1.084827797633e-009
    1.94472e+000              1.043779267905e-009
    1.91457e+000              9.688747131486e-010
    1.88442e+000              9.168937026485e-010
    1.85427e+000              8.652542851348e-010
    1.82412e+000              8.211946768418e-010
    1.79397e+000              7.966530049103e-010
    1.76382e+000              7.528777263265e-010
    1.73367e+000              7.296650591574e-010
    1.70352e+000              7.101624658070e-010
    1.67337e+000              6.722231438964e-010
    1.64322e+000              6.498992050068e-010
    1.61306e+000              6.052195703343e-010
    1.58291e+000              5.807020139592e-010
    1.55276e+000              5.623580357322e-010
    1.52261e+000              5.449730878963e-010
    1.49246e+000              5.132220429334e-010
    1.46231e+000              4.732514626410e-010
    1.43216e+000              4.661238355332e-010
    1.40201e+000              4.716960579201e-010
    1.37186e+000              4.627971456948e-010
    1.34171e+000              4.636789382609e-010
    1.31156e+000              4.325695841289e-010
    1.28141e+000              4.139570576853e-010
    1.25126e+000              4.307687745965e-010
    1.22110e+000              4.244349927511e-010
    1.19095e+000              3.966905082746e-010
    1.16080e+000              3.793513008359e-010
    1.13065e+000              3.675846431098e-010
    1.10050e+000              3.617391809394e-010
    1.07035e+000              3.479126325788e-010
    1.04020e+000              3.385709787946e-010
    1.01005e+000              3.266148372222e-010
    9.79899e-001              2.919783096020e-010
    9.49748e-001              3.072110243991e-010
    9.19597e-001              2.885085349578e-010
    8.89446e-001              2.806639901286e-010
    8.59296e-001              2.581152367838e-010
    8.29145e-001              2.273457405968e-010
    7.98994e-001              2.114659195083e-010
    7.68843e-001              2.029881385865e-010
    7.38693e-001              1.973254496238e-010
    7.08542e-001              1.767922179990e-010
    6.78391e-001              1.652708133968e-010
    6.48240e-001              1.662805584006e-010
    6.18090e-001              1.660434793623e-010
    5.87939e-001              1.635652048419e-010
    5.57788e-001              1.602395131014e-010
    5.27637e-001              1.394516776136e-010
    4.97487e-001              1.349983850189e-010
    4.67336e-001              1.232115264419e-010
    4.37185e-001              1.178979296339e-010
    4.07034e-001              1.027129878163e-010
    3.76884e-001              9.722823203097e-011
    3.46733e-001              8.241059040079e-011
    3.16582e-001              6.880665211306e-011
    2.86431e-001              5.963614026431e-011
    2.56281e-001              5.256406380764e-011
    2.26130e-001              3.835041681066e-011
    1.95979e-001              3.183296222596e-011
    1.65828e-001              2.900515722307e-011
    1.35678e-001              1.956156495490e-011
    1.05527e-001              1.635428822077e-011
    7.53763e-002              1.084679312106e-011
    4.52255e-002              6.218114563709e-012
    1.50748e-002              2.067410836356e-012
   -1.50760e-002             -2.316079079570e-012
   -4.52267e-002             -6.137292736546e-012
   -7.53775e-002             -1.085515082855e-011
   -1.05528e-001             -1.489423800728e-011
   -1.35679e-001             -2.218252894154e-011
   -1.65830e-001             -3.589797262224e-011
   -1.95980e-001             -4.620290466299e-011
   -2.26131e-001             -5.341810261908e-011
   -2.56282e-001             -6.929126526912e-011
   -2.86433e-001             -6.573469310677e-011
   -3.16583e-001             -7.839649282424e-011
   -3.46734e-001             -9.798177415782e-011
   -3.76885e-001             -1.169625208935e-010
   -4.07036e-001             -1.254212343221e-010
   -4.37186e-001             -1.530736134446e-010
   -4.67337e-001             -1.510337747369e-010
   -4.97488e-001             -1.820709586054e-010
   -5.27639e-001             -1.819081166502e-010
   -5.57789e-001             -1.945754053688e-010
   -5.87940e-001             -1.816426629824e-010
   -6.18091e-001             -1.783350008728e-010
   -6.48242e-001             -1.872972317483e-010
   -6.78392e-001             -2.068693574113e-010
   -7.08543e-001             -2.096155492939e-010
   -7.38694e-001             -2.183018031013e-010
   -7.68845e-001             -1.949199198758e-010
   -7.98995e-001             -1.859124009022e-010
   -8.29146e-001             -2.022073105107e-010
   -8.59297e-001             -2.108865114612e-010
   -8.89448e-001             -2.219507336350e-010
   -9.19598e-001             -2.185812731283e-010
   -9.49749e-001             -2.108981066538e-010
   -9.79900e-001             -2.090992113322e-010
   -1.01005e+000             -2.206590036308e-010
   -1.04020e+000             -2.295391669375e-010
   -1.07035e+000             -2.434835275461e-010
   -1.10050e+000             -2.421930422089e-010
   -1.13065e+000             -2.302160386859e-010
   -1.16080e+000             -1.887590099409e-010
   -1.19096e+000             -1.932761808023e-010
   -1.22111e+000             -1.834453204008e-010
   -1.25126e+000             -2.224091619585e-010
   -1.28141e+000             -1.956677362583e-010
   -1.31156e+000             -1.752580753276e-010
   -1.34171e+000             -1.913727879603e-010
   -1.37186e+000             -1.910675411832e-010
   -1.40201e+000             -1.992446234978e-010
   -1.43216e+000             -1.877908121256e-010
   -1.46231e+000             -1.793610521343e-010
   -1.49246e+000             -1.676505092817e-010
   -1.52261e+000             -1.619802184393e-010
   -1.55276e+000             -1.657827452038e-010
   -1.58291e+000             -1.629770110460e-010
   -1.61307e+000             -1.580965934938e-010
   -1.64322e+000             -1.613866676779e-010
   -1.67337e+000             -1.647375308000e-010
   -1.70352e+000             -1.597131316738e-010
   -1.73367e+000             -1.732442518019e-010
   -1.76382e+000             -1.746298651900e-010
   -1.79397e+000             -1.582940318780e-010
   -1.82412e+000             -1.423133599114e-010
   -1.85427e+000             -1.575870455457e-010
   -1.88442e+000             -1.616195366191e-010
   -1.91457e+000             -1.626614651758e-010
   -1.94472e+000             -1.646651234864e-010
   -1.97487e+000             -1.840873313416e-010
   -2.00503e+000             -2.090615630358e-010
   -2.03518e+000             -2.591717929023e-010
   -2.06533e+000             -2.588985308570e-010
   -2.09548e+000             -2.311618088525e-010
   -2.12563e+000             -2.677633158406e-010
   -2.15578e+000             -2.993248187695e-010
   -2.18593e+000             -3.068082267158e-010
   -2.21608e+000             -5.274282168622e-010
   -2.24623e+000             -6.710603354106e-010
   -2.27638e+000             -8.013499328844e-010
   -2.30653e+000             -8.640124667819e-010
   -2.33668e+000             -8.890860871353e-010
   -2.36683e+000             -9.429417334048e-010
   -2.39699e+000             -1.012057369366e-009
   -2.42714e+000             -1.049094961317e-009
   -2.45729e+000             -1.087698780466e-009
   -2.48744e+000             -1.128872185893e-009
   -2.51759e+000             -1.124290334417e-009
   -2.54774e+000             -1.164154032716e-009
   -2.57789e+000             -1.208532754147e-009
   -2.60804e+000             -1.259747176316e-009
   -2.63819e+000             -1.310619270859e-009
   -2.66834e+000             -1.355823992548e-009
   -2.69849e+000             -1.419900705301e-009
   -2.72864e+000             -1.481286045866e-009
   -2.75879e+000             -1.590121213396e-009
   -2.78894e+000             -1.652890724015e-009
   -2.81910e+000             -1.721457827408e-009
   -2.84925e+000             -1.781482320340e-009
   -2.87940e+000             -1.820286744274e-009
   -2.90955e+000             -1.884583674490e-009
   -2.93970e+000             -1.895773686018e-009
   -2.96985e+000             -1.913718367044e-009
   -3.00000e+000             -1.967511668810e-009
