# Single Point Spectroscopy       
# 
# Sample                          Polesi_dopada
# Data set                        18/01/2024
# Creation Comment                
# Ramp start value                -4.000e+000 V
# Ramp end value                  4.000e+000 V
# Raster time                     1.000e-001 seconds
# Varied-Z spectroscopy           No
# Automatic ramp reversal         No
# Channel name and data unit      I(V) [A]
# Sample position                 3.362e+002, -3.772e+002 [nm]
# Averaged curves                 1-10
# 
# 
# Ramp value [V]                             I(V)
# --------------             --------------------
    -4.0000e+000             -6.152259361448e-010
    -3.9598e+000             -6.478718729988e-010
    -3.9196e+000             -6.246139161963e-010
    -3.8794e+000             -6.440900985647e-010
    -3.8392e+000             -6.364118693049e-010
    -3.7990e+000             -6.653732571477e-010
    -3.7588e+000             -6.547453875394e-010
    -3.7186e+000             -6.533642343487e-010
    -3.6784e+000             -6.674798896550e-010
    -3.6382e+000             -6.442175354489e-010
    -3.5980e+000             -6.532105725606e-010
    -3.5578e+000             -6.656980128164e-010
    -3.5176e+000             -6.481007074812e-010
    -3.4774e+000             -6.302801458657e-010
    -3.4372e+000             -6.110216916263e-010
    -3.3970e+000             -5.957725136638e-010
    -3.3568e+000             -5.774358213520e-010
    -3.3166e+000             -5.532085508788e-010
    -3.2764e+000             -5.357339515573e-010
    -3.2362e+000             -5.255804589592e-010
    -3.1960e+000             -5.039816278438e-010
    -3.1558e+000             -5.003176932930e-010
    -3.1156e+000             -4.802304404051e-010
    -3.0754e+000             -4.694920149864e-010
    -3.0352e+000             -4.586919592857e-010
    -2.9950e+000             -4.328751430323e-010
    -2.9548e+000             -4.121861867915e-010
    -2.9146e+000             -4.027701626603e-010
    -2.8744e+000             -3.836107970827e-010
    -2.8342e+000             -3.777412925898e-010
    -2.7940e+000             -3.664375906306e-010
    -2.7538e+000             -3.565036947739e-010
    -2.7136e+000             -3.406968889775e-010
    -2.6734e+000             -3.244585347198e-010
    -2.6332e+000             -3.131673566557e-010
    -2.5930e+000             -2.936907732672e-010
    -2.5528e+000             -2.832761040374e-010
    -2.5126e+000             -2.728636299782e-010
    -2.4724e+000             -2.582637898642e-010
    -2.4322e+000             -2.483109516413e-010
    -2.3920e+000             -2.406237760404e-010
    -2.3518e+000             -2.311897816943e-010
    -2.3116e+000             -2.300925016148e-010
    -2.2714e+000             -2.130638527808e-010
    -2.2312e+000             -2.029671949580e-010
    -2.1910e+000             -1.873802869750e-010
    -2.1508e+000             -1.724665485203e-010
    -2.1106e+000             -1.645663448015e-010
    -2.0704e+000             -1.650158313898e-010
    -2.0302e+000             -1.559132465449e-010
    -1.9899e+000             -1.493863575475e-010
    -1.9497e+000             -1.412251132245e-010
    -1.9095e+000             -1.256450981202e-010
    -1.8693e+000             -1.189474563856e-010
    -1.8291e+000             -1.100067586935e-010
    -1.7889e+000             -1.010398526788e-010
    -1.7487e+000             -9.545235375931e-011
    -1.7085e+000             -8.572864356789e-011
    -1.6683e+000             -7.442875344924e-011
    -1.6281e+000             -7.097903457018e-011
    -1.5879e+000             -6.402367262265e-011
    -1.5477e+000             -5.736842771098e-011
    -1.5075e+000             -5.530506361588e-011
    -1.4673e+000             -5.142052086863e-011
    -1.4271e+000             -4.754153037689e-011
    -1.3869e+000             -4.370032758676e-011
    -1.3467e+000             -3.658837219764e-011
    -1.3065e+000             -3.560880057985e-011
    -1.2663e+000             -3.436987396269e-011
    -1.2261e+000             -2.698453938495e-011
    -1.1859e+000             -2.415500363943e-011
    -1.1457e+000             -2.085128602023e-011
    -1.1055e+000             -1.836326434672e-011
    -1.0653e+000             -1.661484013929e-011
    -1.0251e+000             -1.582271026650e-011
    -9.8492e-001             -1.376799113334e-011
    -9.4472e-001             -1.042561606561e-011
    -9.0452e-001             -9.028625958007e-012
    -8.6432e-001             -8.190889259032e-012
    -8.2412e-001             -6.835396596150e-012
    -7.8392e-001             -6.624835396750e-012
    -7.4372e-001             -5.084300507769e-012
    -7.0352e-001             -4.307370556250e-012
    -6.6332e-001             -3.613347828604e-012
    -6.2312e-001             -2.789509731416e-012
    -5.8291e-001             -2.383263919904e-012
    -5.4271e-001             -2.026913638967e-012
    -5.0251e-001             -1.795478974156e-012
    -4.6231e-001             -1.288744461601e-012
    -4.2211e-001             -9.462422711126e-013
    -3.8191e-001             -6.646851585250e-013
    -3.4171e-001             -5.219554674226e-013
    -3.0151e-001             -2.904544776920e-013
    -2.6131e-001             -2.036181164675e-013
    -2.2111e-001             -9.295068972543e-014
    -1.8090e-001             -4.733833646355e-014
    -1.4070e-001              1.553246704596e-014
    -1.0050e-001              5.865103404695e-014
    -6.0302e-002              9.337719580390e-014
    -2.0101e-002              1.192784585720e-013
     2.0100e-002              1.427917171844e-013
     6.0301e-002              1.667188924230e-013
     1.0050e-001              1.979840295121e-013
     1.4070e-001              2.473193294612e-013
     1.8090e-001              3.008989636578e-013
     2.2111e-001              3.686389681316e-013
     2.6131e-001              4.488247208941e-013
     3.0151e-001              5.666249935326e-013
     3.4171e-001              7.963189362711e-013
     3.8191e-001              1.171693568433e-012
     4.2211e-001              1.600680383131e-012
     4.6231e-001              2.133177828009e-012
     5.0251e-001              2.681393511120e-012
     5.4271e-001              3.369262913669e-012
     5.8291e-001              3.878374990347e-012
     6.2312e-001              4.726202135325e-012
     6.6332e-001              5.590739628786e-012
     7.0352e-001              6.206468552700e-012
     7.4372e-001              7.399586298316e-012
     7.8392e-001              8.778309110664e-012
     8.2412e-001              1.005727064666e-011
     8.6432e-001              1.192708818712e-011
     9.0452e-001              1.385400319250e-011
     9.4472e-001              1.439493956218e-011
     9.8492e-001              1.667395775072e-011
     1.0251e+000              2.008656138916e-011
     1.0653e+000              2.302820682136e-011
     1.1055e+000              2.564066724711e-011
     1.1457e+000              2.651916229785e-011
     1.1859e+000              2.925363478214e-011
     1.2261e+000              3.011810134478e-011
     1.2663e+000              3.399778087874e-011
     1.3065e+000              3.811072484693e-011
     1.3467e+000              4.257179495958e-011
     1.3869e+000              4.688332371980e-011
     1.4271e+000              5.209414837652e-011
     1.4673e+000              5.701151259352e-011
     1.5075e+000              6.557144306904e-011
     1.5477e+000              6.889642104901e-011
     1.5879e+000              7.302925512356e-011
     1.6281e+000              8.006643638204e-011
     1.6683e+000              8.440617319187e-011
     1.7085e+000              9.172643611490e-011
     1.7487e+000              9.499425137973e-011
     1.7889e+000              9.974138639654e-011
     1.8291e+000              1.080345348635e-010
     1.8693e+000              1.134345955692e-010
     1.9095e+000              1.179541859084e-010
     1.9497e+000              1.270114046620e-010
     1.9899e+000              1.357407094832e-010
     2.0302e+000              1.469380107652e-010
     2.0704e+000              1.528273307490e-010
     2.1106e+000              1.627565767990e-010
     2.1508e+000              1.734695412787e-010
     2.1910e+000              1.800727000951e-010
     2.2312e+000              1.899030776451e-010
     2.2714e+000              1.997201998837e-010
     2.3116e+000              2.149301908730e-010
     2.3518e+000              2.251459462962e-010
     2.3920e+000              2.345825898008e-010
     2.4322e+000              2.489912890202e-010
     2.4724e+000              2.685729619404e-010
     2.5126e+000              2.724174846612e-010
     2.5528e+000              2.920402951520e-010
     2.5930e+000              2.998629103835e-010
     2.6332e+000              3.122801521604e-010
     2.6734e+000              3.227764900883e-010
     2.7136e+000              3.431827211610e-010
     2.7538e+000              3.496486144156e-010
     2.7940e+000              3.639761974910e-010
     2.8342e+000              3.787921645705e-010
     2.8744e+000              3.952747339365e-010
     2.9146e+000              4.161072074768e-010
     2.9548e+000              4.305971011404e-010
     2.9950e+000              4.610126028094e-010
     3.0352e+000              4.739440219216e-010
     3.0754e+000              4.923969055126e-010
     3.1156e+000              5.102957838078e-010
     3.1558e+000              5.489261513476e-010
     3.1960e+000              5.635015522641e-010
     3.2362e+000              5.849851734635e-010
     3.2764e+000              6.162432607664e-010
     3.3166e+000              6.450587001636e-010
     3.3568e+000              6.536606625215e-010
     3.3970e+000              6.727168059516e-010
     3.4372e+000              7.160449732083e-010
     3.4774e+000              7.560646935106e-010
     3.5176e+000              7.733938548734e-010
     3.5578e+000              8.048539374817e-010
     3.5980e+000              8.028172338548e-010
     3.6382e+000              8.234644691112e-010
     3.6784e+000              8.400215423952e-010
     3.7186e+000              8.690844116634e-010
     3.7588e+000              8.911126387507e-010
     3.7990e+000              9.048413044269e-010
     3.8392e+000              9.234219731080e-010
     3.8794e+000              1.010092251822e-009
     3.9196e+000              1.071933788079e-009
     3.9598e+000              1.091822855813e-009
     4.0000e+000              1.103873865971e-009
