# Single Point Spectroscopy       
# 
# Sample                          Polesi_dopada
# Data set                        18/01/2024
# Creation Comment                
# Ramp start value                -4.000e+000 V
# Ramp end value                  4.000e+000 V
# Raster time                     1.000e-001 seconds
# Varied-Z spectroscopy           No
# Automatic ramp reversal         No
# Channel name and data unit      I(V) [A]
# Sample position                 -5.250e+002, -1.998e+002 [nm]
# Averaged curves                 1-10
# 
# 
# Ramp value [V]                             I(V)
# --------------             --------------------
    -4.0000e+000             -1.074164882214e-009
    -3.9598e+000             -1.157119482193e-009
    -3.9196e+000             -1.131798960418e-009
    -3.8794e+000             -1.063246671126e-009
    -3.8392e+000             -9.923919117989e-010
    -3.7990e+000             -9.509773340729e-010
    -3.7588e+000             -9.241315347510e-010
    -3.7186e+000             -9.301600099426e-010
    -3.6784e+000             -9.093846183607e-010
    -3.6382e+000             -8.738194058423e-010
    -3.5980e+000             -8.498071639818e-010
    -3.5578e+000             -8.072450559916e-010
    -3.5176e+000             -7.724739676995e-010
    -3.4774e+000             -7.236368831955e-010
    -3.4372e+000             -7.011179082042e-010
    -3.3970e+000             -6.975649323263e-010
    -3.3568e+000             -7.005059069864e-010
    -3.3166e+000             -6.750560946076e-010
    -3.2764e+000             -6.460398996590e-010
    -3.2362e+000             -6.095764235792e-010
    -3.1960e+000             -5.861535586160e-010
    -3.1558e+000             -5.517407862481e-010
    -3.1156e+000             -5.199567150066e-010
    -3.0754e+000             -5.105520659061e-010
    -3.0352e+000             -4.925181063192e-010
    -2.9950e+000             -4.505361738720e-010
    -2.9548e+000             -4.251128226796e-010
    -2.9146e+000             -4.018860780463e-010
    -2.8744e+000             -3.829974495612e-010
    -2.8342e+000             -3.645075569723e-010
    -2.7940e+000             -3.462595197370e-010
    -2.7538e+000             -3.282825139110e-010
    -2.7136e+000             -3.287848671406e-010
    -2.6734e+000             -2.932297579647e-010
    -2.6332e+000             -2.772033833692e-010
    -2.5930e+000             -2.689294794154e-010
    -2.5528e+000             -2.536707720052e-010
    -2.5126e+000             -2.457938530925e-010
    -2.4724e+000             -2.306791251068e-010
    -2.4322e+000             -2.177043321073e-010
    -2.3920e+000             -2.062334565001e-010
    -2.3518e+000             -1.944077170886e-010
    -2.3116e+000             -1.834635869284e-010
    -2.2714e+000             -1.792793872744e-010
    -2.2312e+000             -1.634351011432e-010
    -2.1910e+000             -1.566045923251e-010
    -2.1508e+000             -1.511674762554e-010
    -2.1106e+000             -1.481181403414e-010
    -2.0704e+000             -1.398853311233e-010
    -2.0302e+000             -1.386550087827e-010
    -1.9899e+000             -1.316784286951e-010
    -1.9497e+000             -1.219919616347e-010
    -1.9095e+000             -1.189270634688e-010
    -1.8693e+000             -1.144259888362e-010
    -1.8291e+000             -1.070242915017e-010
    -1.7889e+000             -9.927700571853e-011
    -1.7487e+000             -9.339469176492e-011
    -1.7085e+000             -8.728063624021e-011
    -1.6683e+000             -8.173928549331e-011
    -1.6281e+000             -7.307455903524e-011
    -1.5879e+000             -6.764157215238e-011
    -1.5477e+000             -6.468283653871e-011
    -1.5075e+000             -6.114895425408e-011
    -1.4673e+000             -5.296018094421e-011
    -1.4271e+000             -4.631219339118e-011
    -1.3869e+000             -4.352433349213e-011
    -1.3467e+000             -3.862306120516e-011
    -1.3065e+000             -3.637632114403e-011
    -1.2663e+000             -3.256235148860e-011
    -1.2261e+000             -2.797365611051e-011
    -1.1859e+000             -2.515575086948e-011
    -1.1457e+000             -2.280756515541e-011
    -1.1055e+000             -1.986006117553e-011
    -1.0653e+000             -1.726216904902e-011
    -1.0251e+000             -1.523157376291e-011
    -9.8492e-001             -1.339798866612e-011
    -9.4472e-001             -1.162083701741e-011
    -9.0452e-001             -9.727118248273e-012
    -8.6432e-001             -8.541547572239e-012
    -8.2412e-001             -7.519811422287e-012
    -7.8392e-001             -5.790885052313e-012
    -7.4372e-001             -4.948826793548e-012
    -7.0352e-001             -4.005607372752e-012
    -6.6332e-001             -3.243103705306e-012
    -6.2312e-001             -2.572560920283e-012
    -5.8291e-001             -2.050039234567e-012
    -5.4271e-001             -1.626579957070e-012
    -5.0251e-001             -1.377378504493e-012
    -4.6231e-001             -9.804852742558e-013
    -4.2211e-001             -7.626661020860e-013
    -3.8191e-001             -4.283246402142e-013
    -3.4171e-001             -2.108059260701e-013
    -3.0151e-001             -1.531919865373e-013
    -2.6131e-001             -4.697723412497e-014
    -2.2111e-001             -8.469170196959e-015
    -1.8090e-001              4.219477755743e-014
    -1.4070e-001              7.167328713209e-014
    -1.0050e-001              1.052869711912e-013
    -6.0302e-002              1.257416070190e-013
    -2.0101e-002              1.391774696706e-013
     2.0100e-002              1.499919627094e-013
     6.0301e-002              1.665332747668e-013
     1.0050e-001              1.794141268086e-013
     1.4070e-001              2.032402793692e-013
     1.8090e-001              2.496383986892e-013
     2.2111e-001              2.816553717274e-013
     2.6131e-001              3.420868920926e-013
     3.0151e-001              4.503339198688e-013
     3.4171e-001              5.222453318848e-013
     3.8191e-001              6.425957362596e-013
     4.2211e-001              8.204762528386e-013
     4.6231e-001              1.116487899003e-012
     5.0251e-001              1.379986824063e-012
     5.4271e-001              1.738244407021e-012
     5.8291e-001              2.101069197617e-012
     6.2312e-001              2.692975039568e-012
     6.6332e-001              3.195085384889e-012
     7.0352e-001              4.001255874630e-012
     7.4372e-001              4.677412020071e-012
     7.8392e-001              5.619780424599e-012
     8.2412e-001              6.620261433794e-012
     8.6432e-001              8.103086887640e-012
     9.0452e-001              8.845004190599e-012
     9.4472e-001              1.082504207871e-011
     9.8492e-001              1.258286784345e-011
     1.0251e+000              1.444607453969e-011
     1.0653e+000              1.684616149903e-011
     1.1055e+000              1.834791980028e-011
     1.1457e+000              2.040697108679e-011
     1.1859e+000              2.283685758673e-011
     1.2261e+000              2.542716502884e-011
     1.2663e+000              2.771144530136e-011
     1.3065e+000              3.014639659937e-011
     1.3467e+000              3.318114272002e-011
     1.3869e+000              3.776880115712e-011
     1.4271e+000              4.246573757532e-011
     1.4673e+000              4.762898577069e-011
     1.5075e+000              5.113612268513e-011
     1.5477e+000              5.619079407049e-011
     1.5879e+000              6.082103740464e-011
     1.6281e+000              6.492734151146e-011
     1.6683e+000              7.132231807435e-011
     1.7085e+000              7.809056468146e-011
     1.7487e+000              8.337793059803e-011
     1.7889e+000              8.913752303140e-011
     1.8291e+000              9.582187444969e-011
     1.8693e+000              1.047237473457e-010
     1.9095e+000              1.056401257471e-010
     1.9497e+000              1.098341023390e-010
     1.9899e+000              1.171613663793e-010
     2.0302e+000              1.267369417058e-010
     2.0704e+000              1.362944901648e-010
     2.1106e+000              1.462581510178e-010
     2.1508e+000              1.571353155784e-010
     2.1910e+000              1.624821505364e-010
     2.2312e+000              1.748120345645e-010
     2.2714e+000              1.902621549243e-010
     2.3116e+000              1.945909760648e-010
     2.3518e+000              2.039213842441e-010
     2.3920e+000              2.184022460504e-010
     2.4322e+000              2.229155705271e-010
     2.4724e+000              2.328140117226e-010
     2.5126e+000              2.462353143655e-010
     2.5528e+000              2.625863930436e-010
     2.5930e+000              2.894071932446e-010
     2.6332e+000              3.148575672357e-010
     2.6734e+000              3.289726936315e-010
     2.7136e+000              3.535795922829e-010
     2.7538e+000              3.678771702412e-010
     2.7940e+000              3.891088413420e-010
     2.8342e+000              4.006270878340e-010
     2.8744e+000              4.259405587475e-010
     2.9146e+000              4.392997685230e-010
     2.9548e+000              4.620583565637e-010
     2.9950e+000              4.775830841671e-010
     3.0352e+000              4.928887513090e-010
     3.0754e+000              5.243635755518e-010
     3.1156e+000              5.406317170677e-010
     3.1558e+000              5.651734000533e-010
     3.1960e+000              6.110903766073e-010
     3.2362e+000              6.387210948095e-010
     3.2764e+000              6.657401773485e-010
     3.3166e+000              6.837619259344e-010
     3.3568e+000              7.181714750954e-010
     3.3970e+000              7.575186881975e-010
     3.4372e+000              8.053004641670e-010
     3.4774e+000              8.224309639728e-010
     3.5176e+000              8.380394338493e-010
     3.5578e+000              8.498305869648e-010
     3.5980e+000              8.586953903720e-010
     3.6382e+000              8.697329399488e-010
     3.6784e+000              8.934190227238e-010
     3.7186e+000              9.109539895437e-010
     3.7588e+000              9.242630681201e-010
     3.7990e+000              9.307666231819e-010
     3.8392e+000              9.512907378939e-010
     3.8794e+000              9.721116635288e-010
     3.9196e+000              9.824985992699e-010
     3.9598e+000              9.947694944982e-010
     4.0000e+000              1.006547833547e-009
