# Single Point Spectroscopy       
# 
# Sample                          MoO3
# Data set                        23/10/2024
# Creation Comment                
# Ramp start value                0.000e+000 V
# Ramp end value                  3.000e+000 V
# Raster time                     1.000e-001 seconds
# Varied-Z spectroscopy           No
# Automatic ramp reversal         Yes
# Channel name and data unit      I(V) [A]
# Sample position                 -8.400e+001, -3.150e+001 [nm]
# Averaged curves                 27
# 
# 
# Ramp value [V]                              I(V)
# --------------             ---------------------
     0.0000e+000              2.0152488973098e-012
     2.0134e-002              3.7259098143839e-013
     4.0268e-002              3.9008878480926e-013
     6.0403e-002              4.0079596044394e-013
     8.0537e-002              4.2714936878482e-013
     1.0067e-001              4.2840370811570e-013
     1.2081e-001              4.8669133687547e-013
     1.4094e-001              5.0017279790905e-013
     1.6107e-001              5.3467710895204e-013
     1.8121e-001              6.1063756517536e-013
     2.0134e-001              5.7227044170093e-013
     2.2148e-001              6.0873225904364e-013
     2.4161e-001              7.0711729331689e-013
     2.6174e-001              8.0394860494283e-013
     2.8188e-001              9.6877370597703e-013
     3.0201e-001              9.1798908371663e-013
     3.2215e-001              1.0704012918620e-012
     3.4228e-001              1.1069659742417e-012
     3.6242e-001              1.3825076315878e-012
     3.8255e-001              1.4118594789901e-012
     4.0268e-001              1.3147211075525e-012
     4.2282e-001              1.4678441591620e-012
     4.4295e-001              1.9347869442467e-012
     4.6309e-001              2.5207814242325e-012
     4.8322e-001              2.1525767922045e-012
     5.0336e-001              1.9055763443578e-012
     5.2349e-001              1.9847532521088e-012
     5.4362e-001              2.0510904538329e-012
     5.6376e-001              2.1028714851823e-012
     5.8389e-001              2.3244028569459e-012
     6.0403e-001              2.4906726743942e-012
     6.2416e-001              2.6890087479805e-012
     6.4430e-001              2.5799196086707e-012
     6.6443e-001              3.0159829237898e-012
     6.8456e-001              4.0440329911203e-012
     7.0470e-001              5.8466276158233e-012
     7.2483e-001              5.7535071220220e-012
     7.4497e-001              6.2334707784227e-012
     7.6510e-001              7.9497739195371e-012
     7.8523e-001              7.7768731454547e-012
     8.0537e-001              8.1475311853783e-012
     8.2550e-001              7.7113465816336e-012
     8.4564e-001              9.1583751561591e-012
     8.6577e-001              1.1039524892495e-011
     8.8591e-001              1.1440439070966e-011
     9.0604e-001              1.2069478730658e-011
     9.2617e-001              1.0493314617014e-011
     9.4631e-001              7.7807958345494e-012
     9.6644e-001              8.4129536866292e-012
     9.8658e-001              6.7860909274726e-012
     1.0067e+000              8.4786368509542e-012
     1.0268e+000              9.4251840324599e-012
     1.0470e+000              9.7351071769243e-012
     1.0671e+000              1.1072225227144e-011
     1.0872e+000              1.1240930028899e-011
     1.1074e+000              1.2385959137401e-011
     1.1275e+000              1.0931341579629e-011
     1.1477e+000              1.3929240215808e-011
     1.1678e+000              1.4359358852972e-011
     1.1879e+000              1.5587443034648e-011
     1.2081e+000              1.6102354703519e-011
     1.2282e+000              1.7550792682580e-011
     1.2483e+000              2.9346285013838e-011
     1.2685e+000              3.1559963637977e-011
     1.2886e+000              3.1984447727596e-011
     1.3087e+000              3.2758831078568e-011
     1.3289e+000              3.5444584992544e-011
     1.3490e+000              3.7864808934335e-011
     1.3691e+000              3.7830682306861e-011
     1.3893e+000              4.0433166205795e-011
     1.4094e+000              4.3904382188750e-011
     1.4295e+000              3.9570163857863e-011
     1.4497e+000              4.4651584605188e-011
     1.4698e+000              4.8608662863526e-011
     1.4899e+000              4.7721178636805e-011
     1.5101e+000              3.6661782368595e-011
     1.5302e+000              5.1269733774537e-011
     1.5503e+000              5.5924630019795e-011
     1.5705e+000              5.4377549076218e-011
     1.5906e+000              5.4599998556819e-011
     1.6107e+000              6.4017073139651e-011
     1.6309e+000              6.5877272185033e-011
     1.6510e+000              6.5964599995486e-011
     1.6711e+000              6.7697389177892e-011
     1.6913e+000              7.3836675500266e-011
     1.7114e+000              7.8108577577663e-011
     1.7315e+000              8.2815259460167e-011
     1.7517e+000              7.6851115448502e-011
     1.7718e+000              8.6019172200524e-011
     1.7919e+000              8.7225204881821e-011
     1.8121e+000              9.1306843488083e-011
     1.8322e+000              9.0742840631812e-011
     1.8523e+000              9.2476130321711e-011
     1.8725e+000              1.0005145861855e-010
     1.8926e+000              9.9504215086800e-011
     1.9128e+000              1.1040242491275e-010
     1.9329e+000              1.0976704600324e-010
     1.9530e+000              1.2452667113848e-010
     1.9732e+000              1.1728521972202e-010
     1.9933e+000              1.1114316679074e-010
     2.0134e+000              1.1112270586019e-010
     2.0336e+000              1.0556061982479e-010
     2.0537e+000              7.8780151162475e-011
     2.0738e+000              7.4203687204925e-011
     2.0940e+000              8.4295527259312e-011
     2.1141e+000              8.5827476295366e-011
     2.1342e+000              8.1540297992335e-011
     2.1544e+000              9.0010289574291e-011
     2.1745e+000              1.1896656256827e-010
     2.1946e+000              1.2656853137437e-010
     2.2148e+000              1.3280052212450e-010
     2.2349e+000              1.4941323019399e-010
     2.2550e+000              1.2881498249222e-010
     2.2752e+000              1.0975849438748e-010
     2.2953e+000              1.2709524181651e-010
     2.3154e+000              1.3532075544697e-010
     2.3356e+000              1.3832859667985e-010
     2.3557e+000              1.4401228607719e-010
     2.3758e+000              1.7351502574159e-010
     2.3960e+000              1.7470131601229e-010
     2.4161e+000              1.9348340165158e-010
     2.4362e+000              2.4566006268012e-010
     2.4564e+000              2.4079221738484e-010
     2.4765e+000              2.5550687361065e-010
     2.4966e+000              2.5431758797148e-010
     2.5168e+000              2.7595001926033e-010
     2.5369e+000              2.6782576781457e-010
     2.5570e+000              2.7540503261820e-010
     2.5772e+000              2.7991409080588e-010
     2.5973e+000              2.9857371792165e-010
     2.6174e+000              3.1380752784764e-010
     2.6376e+000              3.0928988273232e-010
     2.6577e+000              3.3163908066906e-010
     2.6779e+000              3.5288452754779e-010
     2.6980e+000              3.0531504566977e-010
     2.7181e+000              3.0263454708447e-010
     2.7383e+000              2.8325044458422e-010
     2.7584e+000              3.0371567397556e-010
     2.7785e+000              3.1411767361047e-010
     2.7987e+000              3.1388908753953e-010
     2.8188e+000              3.3253980685017e-010
     2.8389e+000              3.6729607428637e-010
     2.8591e+000              3.6983457459703e-010
     2.8792e+000              3.9528026346960e-010
     2.8993e+000              4.1232594122660e-010
     2.9195e+000              4.1428062257605e-010
     2.9396e+000              4.2854389934334e-010
     2.9597e+000              4.4703560465988e-010
     2.9799e+000              5.1884458766396e-010
     3.0000e+000              5.2850361002544e-010
     3.0000e+000              5.3703743627166e-010
     2.9799e+000              5.1945750821884e-010
     2.9597e+000              5.0677356135186e-010
     2.9396e+000              4.8538003641422e-010
     2.9195e+000              4.7149965402036e-010
     2.8993e+000              4.6473963861210e-010
     2.8792e+000              4.4701279779236e-010
     2.8591e+000              4.2454268584296e-010
     2.8389e+000              4.4433371935869e-010
     2.8188e+000              4.2035085268207e-010
     2.7987e+000              3.9060886429476e-010
     2.7785e+000              4.0036272975559e-010
     2.7584e+000              3.7978903148576e-010
     2.7383e+000              3.7512101764535e-010
     2.7181e+000              3.5466453945864e-010
     2.6980e+000              3.4997261026479e-010
     2.6779e+000              3.6838938224018e-010
     2.6577e+000              3.6218209752250e-010
     2.6376e+000              3.5067587856337e-010
     2.6174e+000              3.3299309161483e-010
     2.5973e+000              3.1799062669219e-010
     2.5772e+000              3.1675681430972e-010
     2.5570e+000              3.0998429082003e-010
     2.5369e+000              2.8921967197107e-010
     2.5168e+000              2.8238318945790e-010
     2.4966e+000              2.7182694600307e-010
     2.4765e+000              2.6941365086593e-010
     2.4564e+000              2.6120140836053e-010
     2.4362e+000              2.7249061586833e-010
     2.4161e+000              2.2887605361817e-010
     2.3960e+000              2.5769211696092e-010
     2.3758e+000              2.3914720278491e-010
     2.3557e+000              2.3969253333403e-010
     2.3356e+000              1.8991550174571e-010
     2.3154e+000              1.7827022307435e-010
     2.2953e+000              1.7157603821912e-010
     2.2752e+000              1.8129707130957e-010
     2.2550e+000              1.6757853400127e-010
     2.2349e+000              1.5631615584452e-010
     2.2148e+000              1.5183720487138e-010
     2.1946e+000              1.4634565815123e-010
     2.1745e+000              1.4733112669917e-010
     2.1544e+000              1.3618827618003e-010
     2.1342e+000              1.2656575555368e-010
     2.1141e+000              1.2003636969940e-010
     2.0940e+000              1.1782279394030e-010
     2.0738e+000              1.0720371683620e-010
     2.0537e+000              1.0346025548298e-010
     2.0336e+000              1.0503246466624e-010
     2.0134e+000              1.0445262212959e-010
     1.9933e+000              1.2936461648460e-010
     1.9732e+000              1.1825815869434e-010
     1.9530e+000              1.2149337157661e-010
     1.9329e+000              1.1270703008833e-010
     1.9128e+000              1.0405323096778e-010
     1.8926e+000              1.0595235598549e-010
     1.8725e+000              9.5872690852642e-011
     1.8523e+000              1.0045103401624e-010
     1.8322e+000              9.6935036430344e-011
     1.8121e+000              9.8029650923659e-011
     1.7919e+000              8.8791946865142e-011
     1.7718e+000              9.0953459097867e-011
     1.7517e+000              8.5080338361489e-011
     1.7315e+000              8.5314585080056e-011
     1.7114e+000              8.1500934459772e-011
     1.6913e+000              7.3440030988476e-011
     1.6711e+000              7.4678679562974e-011
     1.6510e+000              6.9138357927033e-011
     1.6309e+000              6.8214550059884e-011
     1.6107e+000              5.4296519062503e-011
     1.5906e+000              5.6979002789485e-011
     1.5705e+000              5.4283422961534e-011
     1.5503e+000              5.3728931282931e-011
     1.5302e+000              4.9840052544075e-011
     1.5101e+000              4.4422163331562e-011
     1.4899e+000              4.6933220171557e-011
     1.4698e+000              3.8437675072071e-011
     1.4497e+000              3.8526533575685e-011
     1.4295e+000              3.9309430159937e-011
     1.4094e+000              3.7662458053711e-011
     1.3893e+000              3.6356638610100e-011
     1.3691e+000              3.3466396679210e-011
     1.3490e+000              3.2048901117375e-011
     1.3289e+000              2.9414610427843e-011
     1.3087e+000              2.8373215541095e-011
     1.2886e+000              2.7358085015343e-011
     1.2685e+000              2.6421105817571e-011
     1.2483e+000              2.5518150382236e-011
     1.2282e+000              2.3128716863065e-011
     1.2081e+000              2.1200223109659e-011
     1.1879e+000              2.0839475425159e-011
     1.1678e+000              2.0610083322215e-011
     1.1477e+000              2.0219841007500e-011
     1.1275e+000              1.8216971226500e-011
     1.1074e+000              2.1374669929894e-011
     1.0872e+000              2.1567288549786e-011
     1.0671e+000              2.1244255486660e-011
     1.0470e+000              1.9673233089564e-011
     1.0268e+000              1.8771108251020e-011
     1.0067e+000              1.8282454801947e-011
     9.8658e-001              1.7285167521854e-011
     9.6644e-001              1.5743681208047e-011
     9.4631e-001              1.4523480787037e-011
     9.2617e-001              1.3905142161784e-011
     9.0604e-001              1.3439630275422e-011
     8.8591e-001              1.2411498837241e-011
     8.6577e-001              1.1981776307234e-011
     8.4564e-001              9.7783964691806e-012
     8.2550e-001              8.2204225787835e-012
     8.0537e-001              7.0590471412041e-012
     7.8523e-001              7.8437461665502e-012
     7.6510e-001              7.6131027948738e-012
     7.4497e-001              7.2110187185197e-012
     7.2483e-001              6.6805805702684e-012
     7.0470e-001              6.0789552105670e-012
     6.8456e-001              5.5351461428144e-012
     6.6443e-001              4.9346384808277e-012
     6.4430e-001              4.3990893220104e-012
     6.2416e-001              4.0166816383913e-012
     6.0403e-001              3.6921040644126e-012
     5.8389e-001              3.6662542341629e-012
     5.6376e-001              3.0198227067353e-012
     5.4362e-001              3.1479203836897e-012
     5.2349e-001              2.9873542022440e-012
     5.0336e-001              2.6929744254489e-012
     4.8322e-001              2.5058798115697e-012
     4.6309e-001              2.2655226027495e-012
     4.4295e-001              2.1832843086756e-012
     4.2282e-001              1.8288206032221e-012
     4.0268e-001              1.5788754517809e-012
     3.8255e-001              1.2923410531752e-012
     3.6242e-001              1.4976074667120e-012
     3.4228e-001              1.2349300801779e-012
     3.2215e-001              1.1478248880882e-012
     3.0201e-001              1.0829830676473e-012
     2.8188e-001              1.0310961006628e-012
     2.6174e-001              9.5244580048881e-013
     2.4161e-001              8.9121500343370e-013
     2.2148e-001              7.8526555069872e-013
     2.0134e-001              7.3732583759392e-013
     1.8121e-001              6.6467395084187e-013
     1.6107e-001              6.1061146509137e-013
     1.4094e-001              5.6576998548682e-013
     1.2081e-001              5.3030150663503e-013
     1.0067e-001              5.0826535924693e-013
     8.0537e-002              5.0950588088628e-013
     6.0403e-002              4.5569518418138e-013
     4.0268e-002              4.3109048146825e-013
     2.0134e-002              4.1124674113584e-013
     1.1102e-016              3.6640986742846e-013
